inc_signals <-
structure(c(1668048561.161957, 1668048583.9899881, 1668048619.3053479, 
1668048625.924011, 1668048652.2743571, 1668048659.3548861, 1668048665.9590931, 
1668048673.877877, 1668048683.3328321, 1668048686.8890619, 1668048697.6062641, 
1668048702.1368439, 1668048704.675921, 1668048715.2121019, 1668048718.6229711, 
1668048719.7578609, 1668048724.4603889, 1668048728.1755049, 1668048728.4380181, 
1668048733.1286731, 1668048733.712235, 1668048735.6789539, 1668048746.7971151, 
1668048748.954988, 1668048768.481097, 1668048771.166533, 1668048775.7972231, 
1668048786.0226851, 1668048786.388489, 1668048786.4744389, 1668048789.6184909, 
1668048797.8297701, 1668048798.3169019, 1668048799.923811, 1668048806.5854471, 
1668048806.647388, 1668048807.7125559, 1668048828.2239699, 1668048847.737711, 
1668048851.899823, 1668048930.838418, 1668049001.4686849, 1668049010.1506691, 
1668049018.5476761, 1668049066.7210841, 1668049069.0802181, 1668049073.530148, 
1668049082.4456379, 1668049106.8667941, 1668049107.1062269, 1668049159.897191, 
1668049184.768955, 1668049191.6276, 1668049193.8570039, 1668049200.615669, 
1668049209.6024389, 1668049210.7561769, 1668049218.2460001, 1668049219.3306711, 
1668049220.4625421, 1668049223.2103641, 1668049231.4384999, 1668049231.9013031, 
1668049237.0823081, 1668049240.0100269, 1668049246.19906, 1668049248.5611911, 
1668049254.7215271, 1668049255.089045, 1668049263.1019721, 1668049263.2202489, 
1668049264.6184621, 1668049264.872704, 1668049265.5413351, 1668049267.7977991, 
1668049273.374383, 1668049273.5760491, 1668049275.3711679, 1668049275.424557, 
1668049276.087553, 1668049276.090395, 1668049276.2790561, 1668049277.2496769, 
1668049278.05264, 1668049285.4694099, 1668049285.9178419, 1668049286.719085, 
1668049287.6682949, 1668049288.736351, 1668049289.271956, 1668049291.8569419, 
1668049292.8998921, 1668049293.0340371, 1668049294.5516319, 1668049294.626194, 
1668049294.8705449, 1668049296.055434, 1668049296.175343, 1668049296.771095, 
1668049297.798074, 1668049298.4101081, 1668049298.7172661, 1668049298.937309, 
1668049299.0460229, 1668049300.8220379, 1668049301.010632, 1668049302.0379419, 
1668049302.835273, 1668049303.3808801, 1668049303.465745, 1668049303.6199911, 
1668049303.905834, 1668049305.7013421, 1668049306.296576, 1668049306.7730701, 
1668049307.197907, 1668049307.27176, 1668049308.1907871, 1668049309.1044469, 
1668049314.1681061, 1668049316.0207031, 1668049318.082859, 1668049319.1405101, 
1668049322.1623139, 1668049322.500844, 1668049326.872591, 1668049327.7705779, 
1668049334.177983, 1668049341.1249959, 1668049342.70151, 1668049354.5800459, 
1668049368.2834189, 1668049380.176482, 1668049382.4830329, 1668049384.5812039, 
1668049388.931083), class = c("POSIXct", "POSIXt"))
out_signals <-
structure(1668049265.5413351, class = c("POSIXct", "POSIXt"))
result <-
list(problems = structure(list(time = structure(logical(0), class = c("POSIXct", 
"POSIXt")), problem = character(0)), row.names = integer(0), class = "data.frame"), 
    n_signals = 1, penalty = 100, score = 0)
